[gd_scene load_steps=6 format=3 uid="uid://b3hn8ms2eeq6v"]

[ext_resource type="PackedScene" uid="uid://dl2ed4gkybggf" path="res://objects/player.tscn" id="2_elriq"]
[ext_resource type="PackedScene" uid="uid://dpm3l05d7fu35" path="res://objects/platform.tscn" id="5_3s40e"]
[ext_resource type="PackedScene" uid="uid://r7rt7pth4u7o" path="res://objects/wall_low.tscn" id="5_6vel1"]
[ext_resource type="PackedScene" uid="uid://c71evdjblk5wp" path="res://objects/wall_high.tscn" id="7_cabne"]
[ext_resource type="PackedScene" uid="uid://bvx5cvigosg0s" path="res://objects/platform_large_grass.tscn" id="7_wggef"]

[node name="main" type="Node3D"]

[node name="player" parent="." instance=ExtResource("2_elriq")]

[node name="Level" type="Node" parent="."]

[node name="wall-low" parent="Level" instance=ExtResource("5_6vel1")]
transform = Transform3D(0.965926, 0, 0.258819, 0, 1, 0, -0.258819, 0, 0.965926, -1.92088, 1.05, -6.90166)

[node name="wall-low3" parent="Level" instance=ExtResource("5_6vel1")]
transform = Transform3D(-1, 0, -1.19209e-07, 0, 1, 0, 1.19209e-07, 0, -1, 6.07912, 1.05, 6.59834)

[node name="platform" parent="Level" instance=ExtResource("5_3s40e")]
transform = Transform3D(1, 0, 0, 0, 1, 0, 0, 0, 1, -2.5, 0, 6.5)

[node name="platform2" parent="Level" instance=ExtResource("5_3s40e")]
transform = Transform3D(1, 0, 0, 0, 1, 0, 0, 0, 1, -6.5, 2.5, -2.5)

[node name="platform3" parent="Level" instance=ExtResource("5_3s40e")]
transform = Transform3D(1, 0, 0, 0, 1, 0, 0, 0, 1, 2.5, 3, -3.5)

[node name="platform4" parent="Level" instance=ExtResource("5_3s40e")]
transform = Transform3D(0.707107, 0, -0.707107, 0, 1, 0, 0.707107, 0, 0.707107, 7, 1, -2)

[node name="wall-high" parent="Level" instance=ExtResource("7_cabne")]
transform = Transform3D(1, 0, 0, 0, 1, 0, 0, 0, 1, -5.5, 1.5, 4)

[node name="wall-high2" parent="Level" instance=ExtResource("7_cabne")]
transform = Transform3D(0.707107, 0, -0.707107, 0, 1, 0, 0.707107, 0, 0.707107, 11.5, 3, -5.5)

[node name="platform-large-grass" parent="Level" instance=ExtResource("7_wggef")]
transform = Transform3D(1, 0, 0, 0, 1, 0, 0, 0, 1, 0, -0.5, 0)

[node name="platform-large-grass2" parent="Level" instance=ExtResource("7_wggef")]
transform = Transform3D(0.965926, 0, 0.258819, 0, 1, 0, -0.258819, 0, 0.965926, -2, 0.5, -6)

[node name="platform-large-grass3" parent="Level" instance=ExtResource("7_wggef")]
transform = Transform3D(0.965926, 0, -0.258819, 0, 1, 0, 0.258819, 0, 0.965926, -6, 1, 2.5)

[node name="platform-large-grass5" parent="Level" instance=ExtResource("7_wggef")]
transform = Transform3D(0.866026, 0, -0.5, 0, 1, 0, 0.5, 0, 0.866026, 12, 2.5, -5)

[node name="platform-large-grass4" parent="Level" instance=ExtResource("7_wggef")]
transform = Transform3D(0.965926, 0, 0.258819, 0, 1, 0, -0.258819, 0, 0.965926, 5, 0.5, 5.5)
